
HepMC::Version 2.05.01
HepMC::IO_GenEvent-START_EVENT_LISTING
E 0 -1 0 0 0 0 0 13 1 2 0 1 1.0000000000000000e+00
U GEV MM
H 0 0 0 0 0 0 0 0 0 0 0 0 7.4059145306362436e-24
F 0 0 0 0 0 0 0 0 0
V -1 0 0 0 0 0 0 1 0
P 1 2 0 0 1.9997277314674616e+01 2.0000000000000000e+01 3.3000000000000002e-01 23 0 0 -3 0
V -2 0 0 0 0 0 0 1 0
P 2 -2 0 0 -1.9997277314674616e+01 2.0000000000000000e+01 3.3000000000000002e-01 23 0 0 -3 0
V -3 0 0 0 0 0 0 8 0
P 3 211 -4.1582525151684074e-01 4.3331933355154527e-02 4.3040582867394432e+00 4.3265674404541326e+00 1.3957000000000000e-01 1 0 0 0 0
P 4 113 3.4790994634482081e-01 4.3782011649091546e-01 1.1768704455687498e+01 1.1815141513614908e+01 8.8455448461796271e-01 2 0 0 -4 0
P 5 -211 -1.2848414506683059e-01 -6.5205457034743475e-01 1.0032762563215449e+00 1.2114975731065691e+00 1.3957000000000000e-01 1 0 0 0 0
P 6 213 7.2121806325867635e-02 2.1756128093465277e-01 1.2273544726868770e+00 1.5074892777044337e+00 8.4474283356517466e-01 2 0 0 -5 0
P 7 -213 9.2108867826158250e-02 1.2396907479039557e-01 1.1665706064988068e+00 1.4490865836103157e+00 8.4564328875467254e-01 2 0 0 -6 0
P 8 111 2.3955755176840322e-02 4.0423114059997578e-01 -7.9922806552791015e-01 9.0606942027878634e-01 1.3497999999999999e-01 2 0 0 -9 0
P 9 213 -1.0663328965521397e-01 -4.7388608662691389e-01 -7.9638974472816662e+00 8.0169327997301334e+00 7.8205516621790694e-01 2 0 0 -7 0
P 10 -213 1.1484631056519831e-01 -1.0097288919674553e-01 -1.0706838565124594e+01 1.0767215391500720e+01 1.1283395002956940e+00 2 0 0 -8 0
V -4 0 0 0 0 0 0 2 0
P 11 211 5.1380171301623045e-01 5.5555088705232825e-01 9.9616366911833190e+00 9.9913119429048383e+00 1.3957000000000000e-01 1 0 0 0 0
P 12 -211 -1.6589176667140970e-01 -1.1773077056141276e-01 1.8070677645041782e+00 1.8238295707100691e+00 1.3957000000000000e-01 1 0 0 0 0
V -5 0 0 0 0 0 0 2 0
P 13 211 -2.3720814870653506e-01 -1.6331092172024864e-01 2.5190768375895356e-01 4.0727807331441235e-01 1.3957000000000000e-01 1 0 0 0 0
P 14 111 3.0932995503240268e-01 3.8087220265490140e-01 9.7544678892792347e-01 1.1002112043900214e+00 1.3497999999999999e-01 2 0 0 -10 0
V -6 0 0 0 0 0 0 2 0
P 15 -211 1.1273609797605166e-01 2.1212201139637457e-01 6.7193993071009150e-03 2.7790305995572961e-01 1.3957000000000000e-01 1 0 0 0 0
P 16 111 -2.0627230149893414e-02 -8.8152936605979004e-02 1.1598512071917060e+00 1.1711835236545858e+00 1.3497999999999999e-01 2 0 0 -11 0
V -7 0 0 0 0 0 0 2 0
P 17 211 -2.0629311856551667e-02 -5.8275324319033550e-01 -3.6685077626646185e+00 3.7171838669330173e+00 1.3957000000000000e-01 1 0 0 0 0
P 18 111 -8.6003977798662312e-02 1.0886715656342155e-01 -4.2953896846170476e+00 4.2997489327971161e+00 1.3497999999999999e-01 2 0 0 -12 0
V -8 0 0 0 0 0 0 2 0
P 19 -211 -7.6224135254225028e-02 4.4014040221278561e-01 -2.8381994683732557e+00 2.8765238917188785e+00 1.3957000000000000e-01 1 0 0 0 0
P 20 111 1.9107044581942331e-01 -5.4111329140953113e-01 -7.8686390967513358e+00 7.8906914997818403e+00 1.3497999999999999e-01 2 0 0 -13 0
V -9 0 5.2545202277734555e-06 8.8665153291930641e-05 -1.7530484870627899e-04 1.9873972085107127e-04 0 2 0
P 21 22 1.9120575315349470e-02 3.3934379876464171e-01 -5.3410154891482720e-01 6.3307525201481807e-01 0 1 0 0 0 0
P 22 22 4.8351798614908528e-03 6.4887341835334053e-02 -2.6512651661308279e-01 2.7299416826396822e-01 0 1 0 0 0 0
V -10 0 4.3464774189471966e-05 5.3517365564249955e-05 1.3706262107773080e-04 1.5459360072169544e-04 0 2 0
P 23 22 1.7116428332883568e-01 2.9516231754395905e-01 7.2991293665563450e-01 8.0572383648657619e-01 0 1 0 0 0 0
P 24 22 1.3816567170356703e-01 8.5709885110942380e-02 2.4553385227228897e-01 2.9448736790344504e-01 0 1 0 0 0 0
V -11 0 -1.4949172743025232e-05 -6.3887078757132211e-05 8.4057897868583965e-04 8.4879184852590839e-04 0 2 0
P 25 22 2.1195108738857080e-02 7.2811735734098276e-03 3.5284566061796079e-02 4.1800104368617870e-02 0 1 0 0 0 0
P 26 22 -4.1822338888750497e-02 -9.5434110179388840e-02 1.1245666411299100e+00 1.1293834192859680e+00 0 1 0 0 0 0
V -12 0 -8.4392212014361048e-06 1.0682692118740363e-05 -4.2148915227748868e-04 4.2191690760468622e-04 0 2 0
P 27 22 -1.2193458955902706e-01 7.7675457284733379e-02 -3.4404011723304349e+00 3.4434374899753806e+00 0 1 0 0 0 0
P 28 22 3.5930611760364752e-02 3.1191699278688187e-02 -8.5498851228661343e-01 8.5631144282173555e-01 0 1 0 0 0 0
V -13 0 1.1574779956938321e-04 -3.2779885204011345e-04 -4.7667113411947711e-03 4.7800703780413725e-03 0 2 0
P 29 22 -1.3892682922411574e-02 -9.8006016466080120e-02 -1.6093384282588508e+00 1.6123797203428853e+00 0 1 0 0 0 0
P 30 22 2.0496312874183487e-01 -4.4310727494345092e-01 -6.2593006684924841e+00 6.2783117794389556e+00 0 1 0 0 0 0
E 1 -1 0 0 0 0 0 10 1 2 0 1 1.0000000000000000e+00
U GEV MM
H 0 0 0 0 0 0 0 0 0 0 0 0 8.9683101716788293e-44
F 0 0 0 0 0 0 0 0 0
V -1 0 0 0 0 0 0 1 0
P 1 2 0 0 1.9997277314674616e+01 2.0000000000000000e+01 3.3000000000000002e-01 23 0 0 -3 0
V -2 0 0 0 0 0 0 1 0
P 2 -2 0 0 -1.9997277314674616e+01 2.0000000000000000e+01 3.3000000000000002e-01 23 0 0 -3 0
V -3 0 0 0 0 0 0 8 0
P 3 211 2.9642487751731561e-01 -5.8344352578477343e-01 9.9382093242920977e+00 9.9607107384030442e+00 1.3957000000000000e-01 1 0 0 0 0
P 4 -213 -6.5781601569051851e-01 4.0640544414302066e-01 6.4673899848014509e+00 6.5615328027640132e+00 7.9290113552070007e-01 2 0 0 -4 0
P 5 223 1.8211303852085972e-01 3.5125744159025463e-01 3.0166985192462858e+00 3.1432558240932367e+00 7.8932900022834973e-01 2 0 0 -5 0
P 6 211 4.5433025159353746e-01 -8.2635978559259984e-02 -2.0712520843857954e-01 5.2500030412964360e-01 1.3957000000000000e-01 1 0 0 0 0
P 7 3112 -2.5624205383374621e-01 4.2208902769522078e-02 -2.6311438229776805e+00 2.9024551506129344e+00 1.1974499999999999e+00 2 0 0 -6 0
P 8 -3122 3.2531875500712482e-01 1.7956355504845467e-01 -2.7645416928916964e+00 3.0042483247557139e+00 1.1156800000000000e+00 2 0 0 -7 0
P 9 211 -2.9734713107461030e-01 -4.7898304192466418e-01 -2.0358013560023642e+00 2.1170278734137562e+00 1.3957000000000000e-01 1 0 0 0 0
P 10 -211 -4.6781722039962580e-02 1.6562720271744558e-01 -1.1783685748029514e+01 1.1785768981827658e+01 1.3957000000000000e-01 1 0 0 0 0
V -4 0 0 0 0 0 0 2 0
P 11 -211 7.7044946797027031e-02 2.8169126659499533e-01 1.3427085534635055e+00 1.3811704956112079e+00 1.3957000000000000e-01 1 0 0 0 0
P 12 111 -7.3486096248754551e-01 1.2471417754802525e-01 5.1246814313379456e+00 5.1803623071528051e+00 1.3497999999999999e-01 2 0 0 -8 0
V -5 0 0 0 0 0 0 3 0
P 13 211 1.3463687864416973e-01 2.5062059651059088e-01 4.6861904625155315e-01 5.6570431136423616e-01 1.3957000000000000e-01 1 0 0 0 0
P 14 -211 1.3525822772228049e-01 1.3611095739104545e-02 1.6133415926052947e+00 1.6250633616643937e+00 1.3957000000000000e-01 1 0 0 0 0
P 15 111 -8.7782067845590506e-02 8.7025749340559275e-02 9.3473788038943850e-01 9.5248815106460716e-01 1.3497999999999999e-01 2 0 0 -9 0
V -6 0 -1.0255144942754539e+00 1.6892559566234494e-01 -1.0530184591548831e+01 1.1616008307009650e+01 0 2 0
P 16 2112 -2.1059274865941519e-01 1.3348086054201494e-01 -2.5090884808315534e+00 2.6908146044386929e+00 9.3957000000000002e-01 1 0 0 0 0
P 17 -211 -4.5649305174331002e-02 -9.1271957772492862e-02 -1.2205534214612715e-01 2.1164054617424127e-01 1.3957000000000000e-01 1 0 0 0 0
V -7 0 1.9694969246388656e+00 1.0870872459763590e+00 -1.6736681419018936e+01 1.8187878028514703e+01 0 2 0
P 18 -2112 3.6273314612941948e-01 1.1519893245579380e-01 -2.2659567204006605e+00 2.4823774436956239e+00 9.3957000000000002e-01 1 0 0 0 0
P 19 111 -3.7414391122294666e-02 6.4364622592660875e-02 -4.9858497249103551e-01 5.2187088106008983e-01 1.3497999999999999e-01 2 0 0 -10 0
V -8 0 -2.8123755701376225e-04 4.7729179272033602e-05 1.9612592854906219e-03 1.9825688314944663e-03 0 2 0
P 20 22 -5.4602045590834636e-01 1.4739518407695762e-01 3.6772535080321029e+00 3.7204915052844618e+00 0 1 0 0 0 0
P 21 22 -1.8884050657919929e-01 -2.2681006528932374e-02 1.4474279233058436e+00 1.4598708018683437e+00 0 1 0 0 0 0
V -9 0 -1.8840276942254722e-05 1.8677951646883404e-05 2.0061865671620560e-04 2.0442831879785545e-04 0 2 0
P 22 22 -9.2601224093354917e-02 1.0436786421136779e-01 9.1577507793061863e-01 9.2634314977899013e-01 0 1 0 0 0 0
P 23 22 4.8191562477644086e-03 -1.7342114870808504e-02 1.8962802458820038e-02 2.6145001285617035e-02 0 1 0 0 0 0
V -10 0 1.9694924146431136e+00 1.0870950045998662e+00 -1.6736741519318326e+01 1.8187940935737995e+01 0 2 0
P 24 22 -2.7483232395768026e-02 9.5744489009256958e-02 -2.2186513152438270e-01 2.4320047661321556e-01 0 1 0 0 0 0
P 25 22 -9.9311587265266451e-03 -3.1379866416596083e-02 -2.7671984096665281e-01 2.7867040444687430e-01 0 1 0 0 0 0
E 2 -1 0 0 0 0 0 25 1 2 0 1 1.0000000000000000e+00
U GEV MM
H 0 0 0 0 0 0 0 0 0 0 0 0 0
F 0 0 0 0 0 0 0 0 0
V -1 0 0 0 0 0 0 1 0
P 1 2 0 0 1.9997277314674616e+01 2.0000000000000000e+01 3.3000000000000002e-01 23 0 0 -3 0
V -2 0 0 0 0 0 0 1 0
P 2 -2 0 0 -1.9997277314674616e+01 2.0000000000000000e+01 3.3000000000000002e-01 23 0 0 -3 0
V -3 0 0 0 0 0 0 11 0
P 3 323 9.7580281827942553e-02 -1.0736007732179821e-01 1.2103049850441558e+01 1.2129587974852194e+01 7.8869554316058532e-01 2 0 0 -4 0
P 4 -311 -7.4632935851680515e-02 3.6101431431199843e-01 2.8854146667042353e+00 2.9511243486481415e+00 4.9761000000000000e-01 2 0 0 -5 0
P 5 313 1.1473694126272613e-01 -4.0654577364085071e-01 3.5209924767949752e+00 3.6566978065659401e+00 8.9196793392014428e-01 2 0 0 -6 0
P 6 -323 -1.6005840919639472e-01 2.8907714515344790e-01 1.9365822712971370e-01 9.7836657992496412e-01 9.0028515792192143e-01 2 0 0 -7 0
P 7 223 -1.6489604362004093e-01 5.8615187583659661e-02 -3.5262008552764790e-02 8.0477376479528462e-01 7.8472349132582397e-01 2 0 0 -12 0
P 8 213 2.1466124145858800e-02 -3.5254512742721317e-02 -4.0194014660797162e-01 9.7593075535628837e-01 8.8835875784532259e-01 2 0 0 -8 0
P 9 -211 -1.5951352773286906e-01 -2.1901880816749625e-02 -1.4651091004865091e+00 1.4805231234740930e+00 1.3957000000000000e-01 1 0 0 0 0
P 10 321 3.8577029561573639e-01 -1.7178626204486036e-01 -4.6060213177026679e+00 4.6516106417388619e+00 4.9368000000000001e-01 1 0 0 0 0
P 11 -313 1.7791348601259083e-01 9.6319717847582670e-02 -3.6883579828880135e+00 3.8007516386466214e+00 8.9487301456119883e-01 2 0 0 -9 0
P 12 223 -2.8952409775058557e-01 -4.0099366308893977e-02 -7.9591079403631486e+00 8.0030596079530358e+00 7.8494058357368812e-01 2 0 0 -13 0
P 13 -211 5.1157885286716179e-02 -2.2078492020814463e-02 -5.4731672446940682e-01 5.6757375804457577e-01 1.3957000000000000e-01 1 0 0 0 0
V -4 0 0 0 0 0 0 2 0
P 14 321 2.6520360259683184e-01 -1.5510022512737290e-01 8.8043323425884221e+00 8.8235127342693538e+00 4.9368000000000001e-01 1 0 0 0 0
P 15 111 -1.6762332076888933e-01 4.7740147805574722e-02 3.2987175078531337e+00 3.3060752405828389e+00 1.3497999999999999e-01 2 0 0 -14 0
V -5 0 0 0 0 0 0 1 0
P 16 310 -7.4632935851680515e-02 3.6101431431199843e-01 2.8854146667042353e+00 2.9511243486481415e+00 4.9761000000000000e-01 2 0 0 -15 0
V -6 0 0 0 0 0 0 2 0
P 17 311 1.8836065770621796e-01 -2.1432683293229854e-01 3.2061354631216381e+00 3.2570440661238398e+00 4.9761000000000000e-01 2 0 0 -10 0
P 18 111 -7.3623716443491818e-02 -1.9221894070855219e-01 3.1485701367333740e-01 3.9965374044210067e-01 1.3497999999999999e-01 2 0 0 -16 0
V -7 0 0 0 0 0 0 2 0
P 19 -311 -3.9706964789425292e-01 2.2025912705923964e-01 1.0851156362781077e-01 6.8232606565535570e-01 4.9761000000000000e-01 2 0 0 -11 0
P 20 -211 2.3701123869785820e-01 6.8818018094208233e-02 8.5146663501902906e-02 2.9604051426960842e-01 1.3957000000000000e-01 1 0 0 0 0
V -8 0 0 0 0 0 0 2 0
P 21 211 5.0727376270053748e-02 -2.0321154157334642e-01 2.0918503473719216e-01 3.2727108181117981e-01 1.3957000000000000e-01 1 0 0 0 0
P 22 111 -2.9261252124194947e-02 1.6795702883062510e-01 -6.1112518134516369e-01 6.4865967354510845e-01 1.3497999999999999e-01 2 0 0 -17 0
V -9 0 0 0 0 0 0 2 0
P 23 -321 1.8309440887616824e-02 -2.1224068464780113e-01 -1.9680310554942715e+00 2.0401587001101853e+00 4.9368000000000001e-01 1 0 0 0 0
P 24 211 1.5960404512497400e-01 3.0856040249538380e-01 -1.7203269273937423e+00 1.7605929385364361e+00 1.3957000000000000e-01 1 0 0 0 0
V -10 0 0 0 0 0 0 1 0
P 25 310 1.8836065770621796e-01 -2.1432683293229854e-01 3.2061354631216381e+00 3.2570440661238398e+00 4.9761000000000000e-01 2 0 0 -18 0
V -11 0 0 0 0 0 0 1 0
P 26 310 -3.9706964789425292e-01 2.2025912705923964e-01 1.0851156362781077e-01 6.8232606565535570e-01 4.9761000000000000e-01 2 0 0 -19 0
V -12 0 0 0 0 0 0 3 0
P 27 211 -2.6435233111725814e-01 1.8682764343919711e-01 -8.6669923527351964e-02 3.6301264973056985e-01 1.3957000000000000e-01 1 0 0 0 0
P 28 -211 1.1307573232958723e-01 -1.5368129440058423e-01 1.4283012248741050e-01 2.7619610837280134e-01 1.3957000000000000e-01 1 0 0 0 0
P 29 111 -1.3619444832369987e-02 2.5468838545046744e-02 -9.1422207512823317e-02 1.6556500669191351e-01 1.3497999999999999e-01 2 0 0 -20 0
V -13 0 0 0 0 0 0 3 0
P 30 211 3.9238393135331145e-02 2.8154888204247368e-02 -2.9886922543646079e+00 2.9923391394400198e+00 1.3957000000000000e-01 1 0 0 0 0
P 31 -211 -5.0555289568396194e-02 -2.3684351833531195e-01 -2.4244647217657365e+00 2.4405244644271455e+00 1.3957000000000000e-01 1 0 0 0 0
P 32 111 -2.7820720131752052e-01 1.6858926382217060e-01 -2.5459509642328042e+00 2.5701960040858705e+00 1.3497999999999999e-01 2 0 0 -21 0
V -14 0 -5.7722510932943475e-06 1.6439724442919372e-06 1.1359413268889519e-04 1.1384750245032453e-04 0 2 0
P 33 22 1.0323586318565971e-02 5.4095043052676435e-03 2.9126421644911596e-02 3.1371764520708299e-02 0 1 0 0 0 0
P 34 22 -1.7794690708745528e-01 4.2330643500307075e-02 3.2695910862082220e+00 3.2747034760621303e+00 0 1 0 0 0 0
V -15 0 -8.6216548628021794e+00 4.1704654694474947e+01 3.3332534903664975e+02 3.4091618265990064e+02 0 2 0
P 35 111 1.2929616554145368e-01 3.6076070390653116e-02 5.8966445118198807e-01 6.1963113758615262e-01 1.3497999999999999e-01 2 0 0 -22 0
P 36 111 -2.0392910139313419e-01 3.2493824392134529e-01 2.2957502155222471e+00 2.3314932110619888e+00 1.3497999999999999e-01 2 0 0 -23 0
V -16 0 -7.4815736344761252e-06 -1.9533110094432873e-05 3.1995477081577864e-05 4.0612441640409719e-05 0 2 0
P 37 22 -5.3517286345697863e-02 -2.0584107254100023e-01 2.3864488609937429e-01 3.1966549507887171e-01 0 1 0 0 0 0
P 38 22 -2.0106430097793952e-02 1.3622131832448037e-02 7.6212127573963076e-02 7.9988245363228919e-02 0 1 0 0 0 0
V -17 0 -1.4304152253092829e-05 8.2104583295799816e-05 -2.9874414131554161e-04 3.1709260736517431e-04 0 2 0
P 39 22 -5.2602284856589174e-02 6.0797669882026305e-02 -4.2573226919445040e-01 4.3325664688343068e-01 0 1 0 0 0 0
P 40 22 2.3341032732394223e-02 1.0715935894859881e-01 -1.8539291215071330e-01 2.1540302666167782e-01 0 1 0 0 0 0
V -18 0 2.1930931827630353e+01 -2.4954187456710049e+01 3.7329206177191850e+02 3.7921937756852458e+02 0 2 0
P 41 111 8.8673271807403170e-02 6.4038116644773574e-02 2.0112783693320386e+00 2.0187679680585844e+00 1.3497999999999999e-01 2 0 0 -24 0
P 42 111 9.9687385898814762e-02 -2.7836494957707208e-01 1.1948570937895995e+00 1.2382760980652552e+00 1.3497999999999999e-01 2 0 0 -25 0
V -19 0 -3.0048896657552412e+01 1.6668470586924439e+01 8.2117904979478098e+00 5.1636143790805384e+01 0 2 0
P 43 211 -2.0578137032871296e-01 1.0792058236665289e-01 2.6334361743445334e-01 3.7791860263313870e-01 1.3957000000000000e-01 1 0 0 0 0
P 44 -211 -1.9128827756553998e-01 1.1233854469258675e-01 -1.5483205380664256e-01 3.0440746302221711e-01 1.3957000000000000e-01 1 0 0 0 0
V -20 0 -2.4199161166982829e-07 4.5253278402552987e-07 -1.6243986161506257e-06 2.9417750355195710e-06 0 2 0
P 45 22 2.0256945542128806e-02 -3.9627785319217915e-02 4.5663413880038389e-03 4.4738760439629911e-02 0 1 0 0 0 0
P 46 22 -3.3876390374498792e-02 6.5096623864264652e-02 -9.5988548900827142e-02 1.2082624625228360e-01 0 1 0 0 0 0
V -21 0 -1.0665894267224315e-05 6.4633670659883647e-06 -9.7606545285119345e-05 9.8536050453759138e-05 0 2 0
P 47 22 -1.2399025779437091e-01 1.5314433718579387e-01 -1.4635253029349684e+00 1.4767305388495502e+00 0 1 0 0 0 0
P 48 22 -1.5421694352314963e-01 1.5444926636376734e-02 -1.0824256612978360e+00 1.0934654652363207e+00 0 1 0 0 0 0
V -22 0 -8.6216541486568516e+00 4.1704654893734968e+01 3.3332535229356080e+02 3.4091618608232761e+02 0 2 0
P 49 22 1.3266781500960395e-01 -4.4385039740464129e-03 5.3664779539032359e-01 5.5282122404466782e-01 0 1 0 0 0 0
P 50 22 -3.3716494681502798e-03 4.0514574364699525e-02 5.3016655791664487e-02 6.6809913541484842e-02 0 1 0 0 0 0
V -23 0 -8.6216704419755530e+00 4.1704679518147501e+01 3.3332552442059637e+02 3.4091636077443508e+02 0 2 0
P 51 22 -1.4149013722113107e-02 1.3214822264669840e-01 9.0102455663041092e-01 9.1077362664331607e-01 0 1 0 0 0 0
P 52 22 -1.8978008767102109e-01 1.9279002127464692e-01 1.3947256588918364e+00 1.4207195844186729e+00 0 1 0 0 0 0
V -24 0 2.1930981459109692e+01 -2.4954151613818517e+01 3.7329318750821761e+02 3.7922050749684070e+02 0 2 0
P 53 22 2.1306362713115822e-02 -3.4559035871042448e-02 9.3583260116782985e-01 9.3671284044841929e-01 0 1 0 0 0 0
P 54 22 6.7366909094287344e-02 9.8597152515816022e-02 1.0754457681642087e+00 1.0820551276101651e+00 0 1 0 0 0 0
V -25 0 2.1930944236016465e+01 -2.4954222105625192e+01 3.7329221049934307e+02 3.7921953170044208e+02 0 2 0
P 55 22 5.1339004284174788e-02 -1.5095033246779049e-01 8.9244351853361270e-01 9.0657439297924247e-01 0 1 0 0 0 0
P 56 22 4.8348381614639981e-02 -1.2741461710928162e-01 3.0241357525598689e-01 3.3170170508601282e-01 0 1 0 0 0 0
E 3 -1 0 0 0 0 0 14 1 2 0 1 1.0000000000000000e+00
U GEV MM
H 0 0 0 0 0 0 0 0 0 0 0 0 0
F 0 0 0 0 0 0 0 0 0
V -1 0 0 0 0 0 0 1 0
P 1 2 0 0 1.9997277314674616e+01 2.0000000000000000e+01 3.3000000000000002e-01 23 0 0 -3 0
V -2 0 0 0 0 0 0 1 0
P 2 -2 0 0 -1.9997277314674616e+01 2.0000000000000000e+01 3.3000000000000002e-01 23 0 0 -3 0
V -3 0 0 0 0 0 0 8 0
P 3 211 3.0834123365575539e-01 6.2934527830084533e-02 1.1073712021800473e+01 1.1079061909648935e+01 1.3957000000000000e-01 1 0 0 0 0
P 4 -211 -3.1220324034854829e-01 1.8893317079135818e-01 3.0621172519152826e+00 3.0869416022475411e+00 1.3957000000000000e-01 1 0 0 0 0
P 5 221 -5.5772319056858366e-01 1.9781998024649816e-01 3.4870881441731063e+00 3.5791215751375876e+00 5.4784999999999995e-01 2 0 0 -9 0
P 6 323 2.8106059964685604e-01 -4.4524688611869839e-01 1.7162449501173573e+00 2.0105125743758077e+00 9.0522054365091476e-01 2 0 0 -4 0
P 7 -323 2.4027245577911024e-01 4.2356054913957947e-01 -4.0669026805531694e-01 1.0660017602760732e+00 8.5663783887196643e-01 2 0 0 -5 0
P 8 2212 2.2262211304988846e-01 -3.8075907648026264e-01 -3.3680305760191782e+00 3.5239918605809781e+00 9.3827000000000005e-01 1 0 0 0 0
P 9 111 1.1257850306007652e-01 -8.0742245201964782e-02 -4.8414292232290956e-01 5.2135132026961317e-01 1.3497999999999999e-01 2 0 0 -10 0
P 10 -2214 -2.9494847427455473e-01 3.3499979793405466e-02 -1.5080298601608815e+01 1.5133017397463467e+01 1.2266591976274519e+00 2 0 0 -6 0
V -4 0 0 0 0 0 0 2 0
P 11 311 4.7487971439601251e-01 -4.2214228043547264e-01 1.3058168726686996e+00 1.5350857517162888e+00 4.9761000000000000e-01 2 0 0 -7 0
P 12 211 -1.9381911474915647e-01 -2.3104605683225726e-02 4.1042807744865784e-01 4.7542682265951886e-01 1.3957000000000000e-01 1 0 0 0 0
V -5 0 0 0 0 0 0 2 0
P 13 -311 2.3607751445654010e-01 2.6572634593228039e-01 -5.4068771554243000e-01 8.1627323954236819e-01 4.9761000000000000e-01 2 0 0 -8 0
P 14 -211 4.1949413225701032e-03 1.5783420320729896e-01 1.3399744748711320e-01 2.4972852073370494e-01 1.3957000000000000e-01 1 0 0 0 0
V -6 0 0 0 0 0 0 2 0
P 15 -2212 -4.5389885629868809e-01 -8.0481215287238062e-03 -1.1864720046248040e+01 1.1910416504587467e+01 9.3827000000000005e-01 1 0 0 0 0
P 16 111 1.5895038202413331e-01 4.1548101322129272e-02 -3.2155785553607763e+00 3.2226008928759997e+00 1.3497999999999999e-01 2 0 0 -11 0
V -7 0 0 0 0 0 0 1 0
P 17 310 4.7487971439601251e-01 -4.2214228043547264e-01 1.3058168726686996e+00 1.5350857517162888e+00 4.9761000000000000e-01 2 0 0 -12 0
V -8 0 0 0 0 0 0 1 0
P 18 130 2.3607751445654010e-01 2.6572634593228039e-01 -5.4068771554243000e-01 8.1627323954236819e-01 4.9761000000000000e-01 1 0 0 0 0
V -9 0 0 0 0 0 0 2 0
P 19 22 -1.0047229345250087e-01 2.6784174869236754e-01 7.4018694022433396e-01 7.9354306157438781e-01 0 1 0 0 0 0
P 20 22 -4.5725089711608274e-01 -7.0021768445869381e-02 2.7469012039487719e+00 2.7855785135631996e+00 0 1 0 0 0 0
V -10 0 8.4179563857636775e-06 -6.0374288174365614e-06 -3.6201351890560962e-05 3.8983576405771857e-05 0 2 0
P 21 22 6.2157871913372652e-02 -1.1149114502442653e-01 -3.8861620815724690e-01 4.0904331519066978e-01 0 1 0 0 0 0
P 22 22 5.0420631146703872e-02 3.0748899822461737e-02 -9.5526714165662704e-02 1.1230800507894344e-01 0 1 0 0 0 0
V -11 0 1.8847147944565667e-05 4.9264632299850837e-06 -3.8127926456355275e-04 3.8211192084522177e-04 0 2 0
P 23 22 1.5776183103181435e-01 1.1789440971118441e-03 -1.9476711821297066e+00 1.9540504647880066e+00 0 1 0 0 0 0
P 24 22 1.1885509923189458e-03 4.0369157225017424e-02 -1.2679073732310699e+00 1.2685504280879933e+00 0 1 0 0 0 0
V -12 0 3.5542330646337166e+00 -3.1595202018935393e+00 9.7733749505360201e+00 1.1489335868426288e+01 0 2 0
P 25 111 2.8483363595193723e-01 -1.7044961950593851e-03 3.9659450224606546e-01 5.0659639269213530e-01 1.3497999999999999e-01 2 0 0 -13 0
P 26 111 1.9004607844407528e-01 -4.2043778424041323e-01 9.0922237042263410e-01 1.0284893590241533e+00 1.3497999999999999e-01 2 0 0 -14 0
V -13 0 3.5542989322336274e+00 -3.1595205960572170e+00 9.7734666627662605e+00 1.1489453018524795e+01 0 2 0
P 27 22 2.5027759000911792e-01 -2.0915831151380904e-02 3.9365736783938365e-01 4.6695017647256232e-01 0 1 0 0 0 0
P 28 22 3.4556045942819275e-02 1.9211334956321519e-02 2.9371344066817934e-03 3.9646216219573018e-02 0 1 0 0 0 0
V -14 0 3.5542360846221390e+00 -3.1595268829955705e+00 9.7733893988269536e+00 1.1489352211967718e+01 0 2 0
P 29 22 1.1888933576702729e-01 -3.7941744027527791e-01 7.2741351042059121e-01 8.2898895245146487e-01 0 1 0 0 0 0
P 30 22 7.1156742677047982e-02 -4.1020343965135271e-02 1.8180886000204274e-01 1.9950040657268853e-01 0 1 0 0 0 0
E 4 -1 0 0 0 0 0 12 1 2 0 1 1.0000000000000000e+00
U GEV MM
H 0 0 0 0 0 0 0 0 0 0 0 0 0
F 0 0 0 0 0 0 0 0 0
V -1 0 0 0 0 0 0 1 0
P 1 2 0 0 1.9997277314674616e+01 2.0000000000000000e+01 3.3000000000000002e-01 23 0 0 -3 0
V -2 0 0 0 0 0 0 1 0
P 2 -2 0 0 -1.9997277314674616e+01 2.0000000000000000e+01 3.3000000000000002e-01 23 0 0 -3 0
V -3 0 0 0 0 0 0 8 0
P 3 113 6.4796844987848864e-02 1.1365497941826666e-01 8.3383687040811214e+00 8.3695316947214735e+00 7.0961402063433443e-01 2 0 0 -4 0
P 4 113 -1.1391452902135960e-01 -2.8773899882366977e-01 4.7854632163156445e+00 4.8713021827158594e+00 8.5624558933521444e-01 2 0 0 -5 0
P 5 213 -1.3626268228859140e-01 2.4932944119561135e-01 2.9040455233798133e+00 3.0036884069183976e+00 7.1269274948062100e-01 2 0 0 -6 0
P 6 113 3.2029453495799948e-01 -2.8094262494002914e-01 2.9968799934067434e+00 3.1105136168134311e+00 7.1588261458706548e-01 2 0 0 -7 0
P 7 -211 1.1391785677338001e-01 2.2296992708207558e-01 -3.3095250834798168e-02 2.8856185992373440e-01 1.3957000000000000e-01 1 0 0 0 0
P 8 3222 -4.2585987153257548e-01 -3.7869643730072239e-01 -8.1444893430677734e-02 1.3213636476655233e+00 1.1893700000000000e+00 2 0 0 -8 0
P 9 -3212 -2.0951848652918212e-01 5.4987551860835548e-01 -1.7577123057516360e+01 1.7627362429780458e+01 1.1926399999999999e+00 2 0 0 -9 0
P 10 -211 3.8654633265248023e-01 -1.8845180523988775e-01 -1.3330942354014881e+00 1.4076761614611273e+00 1.3957000000000000e-01 1 0 0 0 0
V -4 0 0 0 0 0 0 2 0
P 11 211 -2.8593137673723673e-01 -9.5901336239442581e-03 4.2604869137651091e+00 4.2723620223629846e+00 1.3957000000000000e-01 1 0 0 0 0
P 12 -211 3.5072822172508561e-01 1.2324511304221095e-01 4.0778817903160123e+00 4.0971696723584889e+00 1.3957000000000000e-01 1 0 0 0 0
V -5 0 0 0 0 0 0 2 0
P 13 211 -3.0569679975300593e-02 2.2134463179832226e-02 4.0919975785152367e+00 4.0945510629699831e+00 1.3957000000000000e-01 1 0 0 0 0
P 14 -211 -8.3344849046059002e-02 -3.0987346200350196e-01 6.9346563780040826e-01 7.7675111974587674e-01 1.3957000000000000e-01 1 0 0 0 0
V -6 0 0 0 0 0 0 2 0
P 15 211 -2.8952432457625471e-01 4.9428945217757231e-02 2.4186605250187871e+00 2.4404233393677481e+00 1.3957000000000000e-01 1 0 0 0 0
P 16 111 1.5326164228766329e-01 1.9990049597785417e-01 4.8538499836102639e-01 5.6326506755064931e-01 1.3497999999999999e-01 2 0 0 -10 0
V -7 0 0 0 0 0 0 2 0
P 17 211 5.0154558737637733e-01 -2.4003938643197911e-01 2.4524056160507133e+00 2.5185194011149559e+00 1.3957000000000000e-01 1 0 0 0 0
P 18 -211 -1.8125105241837786e-01 -4.0903238508050055e-02 5.4447437735603033e-01 5.9199421569847532e-01 1.3957000000000000e-01 1 0 0 0 0
V -8 0 -7.8254294103762376e+00 -6.9587731461828719e+00 -1.4965985456289499e+00 2.4280845981171183e+01 0 2 0
P 19 2112 -4.6232718878340395e-01 -1.9840623847497077e-01 -1.5944029034462420e-01 1.0776476492988469e+00 9.3957000000000002e-01 1 0 0 0 0
P 20 211 3.6467317250828524e-02 -1.8029019882575159e-01 7.7995396913946469e-02 2.4371599836667618e-01 1.3957000000000000e-01 1 0 0 0 0
V -9 0 0 0 0 0 0 2 0
P 21 -3122 -1.5027456727220045e-01 5.2571143383220431e-01 -1.7202910849289673e+01 1.7247719806056658e+01 1.1156800000000000e+00 2 0 0 -11 0
P 22 22 -5.9243919256981650e-02 2.4164084776151160e-02 -3.7421220822668694e-01 3.7964262372379914e-01 0 1 0 0 0 0
V -10 0 1.2659750915315092e-05 1.6512223470616476e-05 4.0093875320399364e-05 4.6526941431994158e-05 0 2 0
P 23 22 1.7094763295682985e-01 1.9618913959679105e-01 4.7695899483393878e-01 5.4332601121451340e-01 0 1 0 0 0 0
P 24 22 -1.7685990669166558e-02 3.7113563810631627e-03 8.4260035270876249e-03 1.9939056336135907e-02 0 1 0 0 0 0
V -11 0 -3.7400501579742520e+00 1.3083964684400289e+01 -4.2814796014658117e+02 4.2926317045047421e+02 0 2 0
P 25 -2112 -1.2898778184847476e-01 3.4913557447032922e-01 -1.3232072669561417e+01 1.3270609346020294e+01 9.3957000000000002e-01 1 0 0 0 0
P 26 111 -2.1286785423725668e-02 1.7657585936187495e-01 -3.9708381797282502e+00 3.9771104600363598e+00 1.3497999999999999e-01 2 0 0 -12 0
V -12 0 -3.7400510564794764e+00 1.3083972137584460e+01 -4.2814812775379755e+02 4.2926333832244057e+02 0 2 0
P 27 22 -5.2339731738195984e-02 7.4974389966703109e-02 -2.7913477693923925e+00 2.7928449610318853e+00 0 1 0 0 0 0
P 28 22 3.1052946314470316e-02 1.0160146939517184e-01 -1.1794904103358574e+00 1.1842654990044743e+00 0 1 0 0 0 0
E 5 -1 0 0 0 0 0 10 1 2 0 1 1.0000000000000000e+00
U GEV MM
H 0 0 0 0 0 0 0 0 0 0 0 0 0
F 0 0 0 0 0 0 0 0 0
V -1 0 0 0 0 0 0 1 0
P 1 2 0 0 1.9997277314674616e+01 2.0000000000000000e+01 3.3000000000000002e-01 23 0 0 -3 0
V -2 0 0 0 0 0 0 1 0
P 2 -2 0 0 -1.9997277314674616e+01 2.0000000000000000e+01 3.3000000000000002e-01 23 0 0 -3 0
V -3 0 0 0 0 0 0 9 0
P 3 111 3.8395823170113953e-02 -9.6792657022014075e-02 5.9013481646725696e-01 6.1426521934514167e-01 1.3497999999999999e-01 2 0 0 -6 0
P 4 213 2.7014484469143263e-01 2.4196394414265793e-01 1.3675061975264345e+01 1.3704082516406336e+01 8.1426826155422560e-01 2 0 0 -4 0
P 5 311 -2.6572595423889811e-01 -1.2194883957834329e-01 3.7553952931008090e+00 3.7994856654255704e+00 4.9761000000000000e-01 2 0 0 -5 0
P 6 -321 -1.9081200961617167e-01 -6.7041635419394729e-02 -7.8126382699199814e-01 9.4604276523825925e-01 4.9368000000000001e-01 1 0 0 0 0
P 7 223 3.5441087619094724e-01 1.1316501744862635e-01 1.4134582584537156e+00 1.6933545815425737e+00 8.5508601912534532e-01 2 0 0 -7 0
P 8 211 -1.2830972822011000e-01 1.5287663218700343e-02 2.3718920091573892e-02 1.9167543158401237e-01 1.3957000000000000e-01 1 0 0 0 0
P 9 2112 -3.0394798911529025e-01 -6.1911947053099006e-02 -1.4782158682365150e+00 1.7788005529798359e+00 9.3957000000000002e-01 1 0 0 0 0
P 10 -2112 3.3246051587582998e-01 3.7924224159590519e-01 -9.1255292948206286e+00 9.1876238151089211e+00 9.3957000000000002e-01 1 0 0 0 0
P 11 -211 -1.0661637873785376e-01 -4.0196378733303872e-01 -8.0727602733285604e+00 8.0846694523693508e+00 1.3957000000000000e-01 1 0 0 0 0
V -4 0 0 0 0 0 0 2 0
P 12 211 1.4468301240850667e-01 3.6726180996687313e-01 1.2559706552250770e+01 1.2566683049822284e+01 1.3957000000000000e-01 1 0 0 0 0
P 13 111 1.2546183228292596e-01 -1.2529786582421518e-01 1.1153554230135772e+00 1.1373994665840528e+00 1.3497999999999999e-01 2 0 0 -8 0
V -5 0 0 0 0 0 0 1 0
P 14 310 -2.6572595423889811e-01 -1.2194883957834329e-01 3.7553952931008090e+00 3.7994856654255704e+00 4.9761000000000000e-01 2 0 0 -9 0
V -6 0 1.0831361132845741e-05 -2.7304954983466761e-05 1.6647548578142729e-04 1.7328260922017848e-04 0 2 0
P 15 22 9.7518084612023270e-03 2.4132637976055756e-02 2.6360669202840509e-01 2.6488859935094555e-01 0 1 0 0 0 0
P 16 22 2.8644014708911626e-02 -1.2092529499806982e-01 3.2652812443885187e-01 3.4937661999419611e-01 0 1 0 0 0 0
V -7 0 0 0 0 0 0 3 0
P 17 211 1.3796126695137678e-01 -2.5584317468380323e-02 1.2365804736929226e-01 2.3336444900270920e-01 1.3957000000000000e-01 1 0 0 0 0
P 18 -211 -4.3331743788586785e-02 -1.9271109040626719e-01 4.5803501884033793e-01 5.1796821115721092e-01 1.3957000000000000e-01 1 0 0 0 0
P 19 111 2.5978135302815730e-01 3.3146042532327380e-01 8.3176519224408541e-01 9.4202192138265350e-01 1.3497999999999999e-01 2 0 0 -10 0
V -8 0 9.4181117269364966e-05 -9.4058031674366959e-05 8.3726993285877154e-04 8.5381785516170836e-04 0 2 0
P 20 22 2.2511565255886573e-02 -6.9245807939428000e-02 1.7183463767866514e-01 1.8662501224008618e-01 0 1 0 0 0 0
P 21 22 1.0295026702703938e-01 -5.6052057884787156e-02 9.4352078533491190e-01 9.5077445434396646e-01 0 1 0 0 0 0
V -9 0 -2.9263878144412665e+00 -1.3429986511836054e+00 4.1357431778230001e+01 4.1842990400739865e+01 0 2 0
P 22 211 -1.5188371746606152e-01 8.0151852559864289e-02 7.5120704043238651e-01 7.8312501275037416e-01 1.3957000000000000e-01 1 0 0 0 0
P 23 -211 -1.1384223677283664e-01 -2.0210069213820758e-01 3.0041882526684232e+00 3.0163606526751967e+00 1.3957000000000000e-01 1 0 0 0 0
V -10 0 1.2096476628505029e-05 1.5434145836336200e-05 3.8730371102863686e-05 4.3864372953318048e-05 0 2 0
P 24 22 1.0225540117469542e-01 1.4963141779709824e-01 5.0287139140838688e-01 5.3453284703409465e-01 0 1 0 0 0 0
P 25 22 1.5752595185346191e-01 1.8182900752617559e-01 3.2889380083569858e-01 4.0748907434855891e-01 0 1 0 0 0 0
E 6 -1 0 0 0 0 0 7 1 2 0 1 1.0000000000000000e+00
U GEV MM
H 0 0 0 0 0 0 0 0 0 0 0 0 0
F 0 0 0 0 0 0 0 0 0
V -1 0 0 0 0 0 0 1 0
P 1 2 0 0 1.9997277314674616e+01 2.0000000000000000e+01 3.3000000000000002e-01 23 0 0 -3 0
V -2 0 0 0 0 0 0 1 0
P 2 -2 0 0 -1.9997277314674616e+01 2.0000000000000000e+01 3.3000000000000002e-01 23 0 0 -3 0
V -3 0 0 0 0 0 0 9 0
P 3 111 -3.3252865802376497e-01 2.5182735720759258e-01 1.2988611698816204e+01 1.2996008840766093e+01 1.3497999999999999e-01 2 0 0 -4 0
P 4 321 2.1006856632784965e-01 -7.3851073119384658e-02 8.4929420519675181e-01 1.0072752220424692e+00 4.9368000000000001e-01 1 0 0 0 0
P 5 -321 -7.6765754268094705e-02 -4.3633378025165653e-01 5.1773230181416903e+00 5.2196430649419741e+00 4.9368000000000001e-01 1 0 0 0 0
P 6 321 5.1799254915379589e-01 5.1844770147614350e-03 -3.4950038096810354e-02 7.1643883712689171e-01 4.9368000000000001e-01 1 0 0 0 0
P 7 -321 -2.6240775882233497e-01 -1.0537635399901102e-01 -7.0081059711693261e-01 9.0267238979802500e-01 4.9368000000000001e-01 1 0 0 0 0
P 8 111 2.0327475177487417e-01 3.0017923002544478e-01 2.4253935681657507e-01 4.5658858379596312e-01 1.3497999999999999e-01 2 0 0 -5 0
P 9 221 -7.3413792026240521e-01 2.1215553522441830e-01 -3.8397022872049589e+00 3.9531533911499781e+00 5.4784999999999995e-01 2 0 0 -6 0
P 10 211 8.7463698602002815e-01 -2.2483677986202016e-01 -7.9788144833087653e+00 8.0309714094155922e+00 1.3957000000000000e-01 1 0 0 0 0
P 11 -211 -4.0013276189994795e-01 7.1051387759855325e-02 -6.7034908732437568e+00 6.7172482609630135e+00 1.3957000000000000e-01 1 0 0 0 0
V -4 0 -1.9620488503613892e-04 1.4858796821758203e-04 7.6637877778436541e-03 7.6681523802646897e-03 0 2 0
P 12 22 1.0695740685881479e-02 8.8336328082977734e-03 8.5337543878534139e-01 8.5348817886335460e-01 0 1 0 0 0 0
P 13 22 -3.4322439870964649e-01 2.4299372439929481e-01 1.2135236260030862e+01 1.2142520661902738e+01 0 1 0 0 0 0
V -5 0 5.9262832990100389e-05 8.7514417903688396e-05 7.0710057550411938e-05 1.3311408697059453e-04 0 2 0
P 14 22 1.4377345578827128e-01 1.0477294691622800e-01 7.7785309549733783e-02 1.9416161149042974e-01 0 1 0 0 0 0
P 15 22 5.9501295986602892e-02 1.9540628310921671e-01 1.6475404726684129e-01 2.6242697230553336e-01 0 1 0 0 0 0
V -6 0 0 0 0 0 0 3 0
P 16 211 -3.8866583671888033e-01 1.3634540122917219e-02 -2.2993287775915734e+00 2.3361591653133384e+00 1.3957000000000000e-01 1 0 0 0 0
P 17 -211 -2.2036749702187275e-01 8.6344485080846675e-02 -9.2639078812189790e-01 9.6627991858709017e-01 1.3957000000000000e-01 1 0 0 0 0
P 18 111 -1.2510458652165221e-01 1.1217651002065443e-01 -6.1398272149148769e-01 6.5071430724955004e-01 1.3497999999999999e-01 2 0 0 -7 0
V -7 0 -1.7614161381970461e-05 1.5793946534710460e-05 -8.6445997247436976e-05 9.1617638810284239e-05 0 2 0
P 19 22 -4.8805279758759146e-02 1.5006183405871606e-02 -4.3714923590045800e-02 6.7217076827432443e-02 0 1 0 0 0 0
P 20 22 -7.6299306762893052e-02 9.7170326614782809e-02 -5.7026779790144178e-01 5.8349723042211765e-01 0 1 0 0 0 0
E 7 -1 0 0 0 0 0 11 1 2 0 1 1.0000000000000000e+00
U GEV MM
H 0 0 0 0 0 0 0 0 0 0 0 0 8.9683101716788293e-44
F 0 0 0 0 0 0 0 0 0
V -1 0 0 0 0 0 0 1 0
P 1 2 0 0 1.9997277314674616e+01 2.0000000000000000e+01 3.3000000000000002e-01 23 0 0 -3 0
V -2 0 0 0 0 0 0 1 0
P 2 -2 0 0 -1.9997277314674616e+01 2.0000000000000000e+01 3.3000000000000002e-01 23 0 0 -3 0
V -3 0 0 0 0 0 0 6 0
P 3 323 4.2087635912246894e-02 1.3328487102444342e-01 1.5092970745077309e+01 1.5118646920147516e+01 8.6958757947988907e-01 2 0 0 -4 0
P 4 -313 2.4283198245184362e-01 -1.4861606832956134e-01 2.2170684855810610e+00 2.3712254374098518e+00 7.9136799138934777e-01 2 0 0 -5 0
P 5 -211 1.1268848304370088e-01 4.3409451189872994e-02 1.7745269941151940e+00 1.7840989076861191e+00 1.3957000000000000e-01 1 0 0 0 0
P 6 223 -3.4548597085821819e-01 -2.1596868536459465e-01 5.6582599832775926e-01 1.0531670148041794e+00 7.8930264890597102e-01 2 0 0 -7 0
P 7 211 -8.9099396573156395e-02 3.3710264612368857e-01 -3.3242193143393672e+00 3.3453685493858805e+00 1.3957000000000000e-01 1 0 0 0 0
P 8 -211 3.6977266023583172e-02 -1.4921221464384898e-01 -1.6326172908761954e+01 1.6327493170566456e+01 1.3957000000000000e-01 1 0 0 0 0
V -4 0 0 0 0 0 0 2 0
P 9 321 -3.0724845708272393e-02 3.5375505596734247e-01 9.7730927921499653e+00 9.7919941443068641e+00 4.9368000000000001e-01 1 0 0 0 0
P 10 111 7.2812481620519287e-02 -2.2047018494289902e-01 5.3198779529273432e+00 5.3266527758406532e+00 1.3497999999999999e-01 2 0 0 -8 0
V -5 0 0 0 0 0 0 2 0
P 11 -311 2.9496871100339150e-01 -2.2393947489333543e-02 1.1551826887239680e+00 1.2921187196936257e+00 4.9761000000000000e-01 2 0 0 -6 0
P 12 111 -5.2136728551547898e-02 -1.2622212084022780e-01 1.0618857968570929e+00 1.0791067177162261e+00 1.3497999999999999e-01 2 0 0 -9 0
V -6 0 0 0 0 0 0 1 0
P 13 310 2.9496871100339150e-01 -2.2393947489333543e-02 1.1551826887239680e+00 1.2921187196936257e+00 4.9761000000000000e-01 2 0 0 -10 0
V -7 0 0 0 0 0 0 3 0
P 14 211 -4.2637557233898449e-01 -1.1548561118287559e-01 2.4183380688005104e-01 5.2258628964772624e-01 1.3957000000000000e-01 1 0 0 0 0
P 15 -211 -2.1433393373800583e-02 7.7936564497989941e-02 1.9415257855729803e-01 2.5240544189401565e-01 1.3957000000000000e-01 1 0 0 0 0
P 16 111 1.0232299485456693e-01 -1.7841963867970900e-01 1.2983961289041018e-01 2.7817528326243757e-01 1.3497999999999999e-01 2 0 0 -11 0
V -8 0 1.3474444052109050e-05 -4.0799504508771626e-05 9.8447953215437560e-04 9.8573325912915599e-04 0 2 0
P 17 22 3.4158307058087978e-02 -1.2868199551526904e-01 4.2665469524962116e+00 4.2686237528933821e+00 0 1 0 0 0 0
P 18 22 3.8654174562431309e-02 -9.1788189427630035e-02 1.0533310004311325e+00 1.0580290229472711e+00 0 1 0 0 0 0
V -9 0 -1.3685832549077376e-05 -3.3133164619272616e-05 2.7874382620039371e-04 2.8326429853854564e-04 0 2 0
P 19 22 1.7335932960919103e-02 -4.4585701924213704e-02 9.5676646825987421e-02 1.0696934203576769e-01 0 1 0 0 0 0
P 20 22 -6.9472661512467004e-02 -8.1636418916014086e-02 9.6620915003110552e-01 9.7213737568045844e-01 0 1 0 0 0 0
V -10 0 5.4257315176907586e+00 -4.1192011954444818e-01 2.1248732116635654e+01 2.3767569238756739e+01 0 2 0
P 21 211 1.0628526171092370e-01 -2.0143320087107358e-01 3.9699504192426238e-01 4.7849424184892003e-01 1.3957000000000000e-01 1 0 0 0 0
P 22 -211 1.8868344929246786e-01 1.7903925338174004e-01 7.5818764679970596e-01 8.1362447784470582e-01 1.3957000000000000e-01 1 0 0 0 0
V -11 0 2.2042774376749912e-05 -3.8435777269692898e-05 2.7970499653334977e-05 5.9925484148089620e-05 0 2 0
P 23 22 5.5993373727350554e-02 -7.6389251705769323e-03 -3.4818415309376058e-03 5.6619204335446129e-02 0 1 0 0 0 0
P 24 22 4.6329621127216364e-02 -1.7078071350913207e-01 1.3332145442134777e-01 2.2155607892699142e-01 0 1 0 0 0 0
E 8 -1 0 0 0 0 0 9 1 2 0 1 1.0000000000000000e+00
U GEV MM
H 0 0 0 0 0 0 0 0 0 0 0 0 8.9683101716788293e-44
F 0 0 0 0 0 0 0 0 0
V -1 0 0 0 0 0 0 1 0
P 1 2 0 0 1.9997277314674616e+01 2.0000000000000000e+01 3.3000000000000002e-01 23 0 0 -3 0
V -2 0 0 0 0 0 0 1 0
P 2 -2 0 0 -1.9997277314674616e+01 2.0000000000000000e+01 3.3000000000000002e-01 23 0 0 -3 0
V -3 0 0 0 0 0 0 7 0
P 3 2224 6.2016802992809192e-02 4.2838128936401834e-02 1.3153125081695590e+01 1.3203863032926609e+01 1.1539577065091930e+00 2 0 0 -4 0
P 4 -2224 1.2991098720635874e-01 -4.2760231972807822e-01 3.6387886243397980e+00 3.8713346061785070e+00 1.2436753482870062e+00 2 0 0 -5 0
P 5 321 -3.8550491211368842e-01 5.2805207556122680e-01 1.1173263668785691e+00 1.3854931195391644e+00 4.9368000000000001e-01 1 0 0 0 0
P 6 3212 3.2509086491385464e-01 -4.3439531213335358e-01 1.5332418375999906e+00 2.0168302010384687e+00 1.1926399999999999e+00 2 0 0 -6 0
P 7 111 8.5460170066238988e-02 3.6505960279661787e-01 -1.8067604366531176e+00 1.8501823775284263e+00 1.3497999999999999e-01 2 0 0 -7 0
P 8 -2112 -1.3769752181683007e-01 -1.4489335804727702e-01 -1.4759385107668633e+01 1.4790611726162359e+01 9.3957000000000002e-01 1 0 0 0 0
P 9 -211 -7.9276391248743056e-02 7.0941182614462250e-02 -2.8763363661921963e+00 2.8816849366264687e+00 1.3957000000000000e-01 1 0 0 0 0
V -4 0 0 0 0 0 0 2 0
P 10 2212 3.3293605185445163e-03 -4.4367044421415085e-02 1.2093931150378431e+01 1.2130354520056946e+01 9.3827000000000005e-01 1 0 0 0 0
P 11 211 5.8687442474264669e-02 8.7205173357816912e-02 1.0591939313171588e+00 1.0735085128696631e+00 1.3957000000000000e-01 1 0 0 0 0
V -5 0 0 0 0 0 0 2 0
P 12 -2212 1.8497496496089011e-01 -2.8054035621283357e-01 2.1740134042476611e+00 2.3915692555045966e+00 9.3827000000000005e-01 1 0 0 0 0
P 13 -211 -5.5063977754531389e-02 -1.4706196351524467e-01 1.4647752200921367e+00 1.4797653506739097e+00 1.3957000000000000e-01 1 0 0 0 0
V -6 0 0 0 0 0 0 2 0
P 14 3122 3.5466601392189856e-01 -3.6162343532901398e-01 1.4825357577558362e+00 1.9233339870742887e+00 1.1156800000000000e+00 2 0 0 -8 0
P 15 22 -2.9575149008043863e-02 -7.2771876804339594e-02 5.0706079844154248e-02 9.3496213964180050e-02 0 1 0 0 0 0
V -7 0 5.3669412688188492e-07 2.2925924981300593e-06 -1.1346545581206946e-05 1.1619237533815136e-05 0 2 0
P 16 22 5.1531418885603295e-02 3.5647639342799120e-01 -1.7032078164800846e+00 1.7408755763473303e+00 0 1 0 0 0 0
P 17 22 3.3928751180635701e-02 8.5832093686267034e-03 -1.0355262017303300e-01 1.0930680118109588e-01 0 1 0 0 0 0
V -8 0 5.0997445848141520e+00 -5.1997853858845930e+00 2.1317389898186271e+01 2.7655630086763999e+01 0 2 0
P 18 2112 2.0784991904208561e-01 -2.5440817134390487e-01 1.1485655051013999e+00 1.5198419690550684e+00 9.3957000000000002e-01 1 0 0 0 0
P 19 111 1.4681609487981284e-01 -1.0721526398510900e-01 3.3397025265443586e-01 4.0349201801922002e-01 1.3497999999999999e-01 2 0 0 -9 0
V -9 0 5.0997814211091317e+00 -5.1998122862942084e+00 2.1317473691633790e+01 2.7655731323287213e+01 0 2 0
P 20 22 1.3913257435654197e-01 -5.3468319388113097e-02 3.1034146987508554e-01 3.4427977336680210e-01 0 1 0 0 0 0
P 21 22 7.6835205232708842e-03 -5.3746944596995902e-02 2.3628782779350280e-02 5.9212244652417929e-02 0 1 0 0 0 0
E 9 -1 0 0 0 0 0 11 1 2 0 1 1.0000000000000000e+00
U GEV MM
H 0 0 0 0 0 0 0 0 0 0 0 0 0
F 0 0 0 0 0 0 0 0 0
V -1 0 0 0 0 0 0 1 0
P 1 2 0 0 1.9997277314674616e+01 2.0000000000000000e+01 3.3000000000000002e-01 23 0 0 -3 0
V -2 0 0 0 0 0 0 1 0
P 2 -2 0 0 -1.9997277314674616e+01 2.0000000000000000e+01 3.3000000000000002e-01 23 0 0 -3 0
V -3 0 0 0 0 0 0 10 0
P 3 321 -1.9719253784200325e-01 3.6878306887855622e-01 8.1266751734853511e+00 8.1523895372225219e+00 4.9368000000000001e-01 1 0 0 0 0
P 4 -321 1.2948344630729364e-01 -8.7193600482322275e-02 1.4306046806665309e+00 1.5214198570998316e+00 4.9368000000000001e-01 1 0 0 0 0
P 5 223 9.6764189927587660e-02 -1.2715506924221345e-01 5.0361353175331427e+00 5.1015629418756694e+00 7.9859488686575975e-01 2 0 0 -6 0
P 6 211 -4.4178095622370663e-02 1.7655346672838687e-01 6.0430056615902350e-01 6.4636041796102239e-01 1.3957000000000000e-01 1 0 0 0 0
P 7 -213 -2.1216914232688691e-01 -2.0729067244854993e-01 2.4554558736749406e+00 2.7642397244918344e+00 1.2344118190676978e+00 2 0 0 -4 0
P 8 211 4.3835082991167701e-02 -1.8293221118813197e-01 -9.4372798848505093e-02 2.5253062874337129e-01 1.3957000000000000e-01 1 0 0 0 0
P 9 2112 -1.8005553124356627e-01 1.2590034707494638e-01 1.2639719333526851e+00 1.5901848084195498e+00 9.3957000000000002e-01 1 0 0 0 0
P 10 223 3.6283178940904398e-01 -1.2394426750563763e-01 -1.2276803688536275e-01 8.7790221879503716e-01 7.8014820773445692e-01 2 0 0 -7 0
P 11 -2114 2.6949648878615967e-01 -1.0274087093046930e-01 -1.7995733984460200e+00 2.1895091651001919e+00 1.2133844912621721e+00 2 0 0 -5 0
P 12 -211 -2.6881569038642555e-01 1.6001980911543509e-01 -1.6900429310691788e+01 1.6903900700290968e+01 1.3957000000000000e-01 1 0 0 0 0
V -4 0 0 0 0 0 0 2 0
P 13 -211 1.5833106707320091e-02 4.9731561252355821e-01 9.9863225575904502e-01 1.1244197049456612e+00 1.3957000000000000e-01 1 0 0 0 0
P 14 111 -2.2800224903420702e-01 -7.0460628497210809e-01 1.4568236179158955e+00 1.6398200195461732e+00 1.3497999999999999e-01 2 0 0 -8 0
V -5 0 0 0 0 0 0 2 0
P 15 -2112 7.0352907836612688e-02 3.5990237687423265e-02 -1.5596544057067006e+00 1.8225143288847376e+00 9.3957000000000002e-01 1 0 0 0 0
P 16 111 1.9914358094954696e-01 -1.3873110861789253e-01 -2.3991899273931935e-01 3.6699483621545392e-01 1.3497999999999999e-01 2 0 0 -9 0
V -6 0 0 0 0 0 0 3 0
P 17 211 -2.3504808855463809e-02 -1.1383497540296046e-01 1.0135515948694547e+00 1.0296977702349075e+00 1.3957000000000000e-01 1 0 0 0 0
P 18 -211 -1.7777018338287925e-01 -1.0840245667650981e-01 2.4502966162099313e+00 2.4630847778798293e+00 1.3957000000000000e-01 1 0 0 0 0
P 19 111 2.9803918216593073e-01 9.5082362837256809e-02 1.5722871064537565e+00 1.6087803937609324e+00 1.3497999999999999e-01 2 0 0 -10 0
V -7 0 0 0 0 0 0 3 0
P 20 211 4.3271471548133467e-01 4.2919860366542044e-02 -6.4445876530841606e-02 4.6121274408867369e-01 1.3957000000000000e-01 1 0 0 0 0
P 21 -211 -8.9273914295125253e-02 -5.9573883098038752e-02 8.1345466914532108e-02 1.9394780021566477e-01 1.3957000000000000e-01 1 0 0 0 0
P 22 111 1.9390988222834554e-02 -1.0729024477414092e-01 -1.3966762726905327e-01 2.2274167449069870e-01 1.3497999999999999e-01 2 0 0 -11 0
V -8 0 -1.0179635615569716e-04 -3.1458616148914524e-04 6.5042926766546304e-04 7.3213182522563838e-04 0 2 0
P 23 22 -9.3199779464530244e-02 -4.9190096607746636e-01 9.9099772264438590e-01 1.1102834077867423e+00 0 1 0 0 0 0
P 24 22 -1.3480246956967673e-01 -2.1270531889464175e-01 4.6582589527150964e-01 5.2953661175943101e-01 0 1 0 0 0 0
V -9 0 1.0797181828094875e-04 -7.5217338054198196e-05 -1.3007946207797155e-04 1.9897753960716698e-04 0 2 0
P 25 22 1.6793870055761390e-01 -5.6167297563101917e-02 -1.0531416455692932e-01 2.0603214728980021e-01 0 1 0 0 0 0
P 26 22 3.1204880391933039e-02 -8.2563811054790617e-02 -1.3460482818239000e-01 1.6096268892565366e-01 0 1 0 0 0 0
V -10 0 4.8976445396738873e-05 1.5624778318909731e-05 2.5837218132734337e-04 2.6436908240645159e-04 0 2 0
P 27 22 2.5370493010453499e-01 6.1080783807252757e-02 1.4624522465143182e+00 1.4855516238234983e+00 0 1 0 0 0 0
P 28 22 4.4334252061395768e-02 3.4001579030004059e-02 1.0983485993943838e-01 1.2322876993743415e-01 0 1 0 0 0 0
V -11 0 1.4030236815931746e-05 -7.7629232967500432e-05 -1.0105569987384872e-04 1.6116344386211273e-04 0 2 0
P 29 22 7.6408384689232764e-02 -6.7883057993837662e-02 -6.6385125557241326e-02 1.2187426187946003e-01 0 1 0 0 0 0
P 30 22 -5.7017396466398217e-02 -3.9407186780303270e-02 -7.3282501711811943e-02 1.0086741261123869e-01 0 1 0 0 0 0
HepMC::IO_GenEvent-END_EVENT_LISTING
